33652768 1230750985473229824 33957085248 137438953854 2 17179869184 b 5 2
33652768 1230750985473229824 33957085248 206158430526 2 17179869184 r 6 3
33652744 1230750985473229824 33957085248 206158430526 2 17179869184 b 7 3
33652744 1226247385845859328 33957085184 4503805785801022 2 17179869184 r 8 4
33652744 5837932304761619456 33957085184 4503805785801022 2 17179869184 b 9 4
33652744 5837932304761619456 33957085184 4503805819355422 2 17179869184 r 10 5
33652776 5837932304761095168 33957085184 4503805819355422 2 17179869184 b 11 5
33652776 5837932304761095168 16777220096 4503805819355422 2 17179869184 r 12 6
33652776 5837932309056061440 16777220096 4503805819355422 2 17179869184 b 13 6
33652776 5837932309056061440 16777220096 4503840179093534 2 17179869184 r 14 7
33652776 5855946703270576128 16777220096 4503840179093534 2 17179869184 b 15 7
33652776 5837932304761094144 16777216000 22518238688575518 2 17179869184 r 16 8
33587240 5846939504015835136 16777216000 22518238688575518 2 17179869184 b 17 8
33587240 5846939504015835136 16777216000 58547035673985054 2 17179869184 r 18 9
41975816 5846939504015835136 16777216000 58547035673985054 2 17179869184 b 19 9
41975816 5846939504015835136 8187281409 58547035673985054 2 17179869184 r 20 10
41975817 4694017999408988160 8187281408 58547035673985054 2 17179869184 b 21 10
41975817 4694017999408988160 8187281408 58564627860029454 2 17179869184 r 22 11
41975817 4694017999407939588 8187281408 58564627860029450 2 17179869184 b 23 11
41975817 4694017999407939588 7650410496 -9164807408994746358 2 17179869184 r 24 12
41975817 4694018033767677952 7650410496 -9164807443354484726 2 17179869184 b 25 12
41975817 4694018033767677952 7650410500 -9164825035540529142 2 17179869184 r 26 13
43024393 82332015340290048 7650410500 -9164825035540529142 2 17179869184 b 27 13
43024393 10274421302362112 3355443204 -9092767441502601206 2 17179869184 r 28 14
43024397 10273871546548224 3355443200 -9092767441502601206 2 17179869184 b 29 14
43024393 10273871546548224 3355443204 -9092767510222077942 2 17179869184 r 30 15
43024393 82331465047605248 3355443204 -9164825104260005878 2 17179869184 b 31 15
43024393 82331430687866880 3355443204 -9164825207339220982 2 17179869184 r 32 16
41975821 82331430687866880 3355443200 -9164825207339220982 2 17179869184 b 33 16
41975820 82331430687866880 3221225473 -9164825207339220982 2 17179869184 r 34 17
41976076 81205530781024256 3221225473 -9164825207339220982 2 17179869184 b 35 17
41976076 81205530781024256 3221225473 -9164825198749286398 2 17179869184 r 36 18
41984268 81064793292668928 3221225473 -9164825198749286398 2 17179869184 b 37 18
41976076 81064793292668928 1073750017 -9164825198749286398 2 17179869184 r 38 19
41980172 9007199254740992 1073750017 -9164825198749286398 2 17179869184 b 39 19
41980172 0 1073750017 -9155818033854283774 2 17179869184 r 40 20
58724620 0 1073750017 -9155818033854283774 2 17179869184 b 41 20
58724620 0 1073750529 -9191846830873247742 2 17179869184 r 42 21
1132466188 0 8705 -9191846830873247742 2 17179869184 b 43 21
1132466188 0 8705 -9200836437941944318 2 17179869184 r 44 22
Red
33620064 1883071993852986368 25635618816 4294967802 8 67108864 b 5 2
33620064 1883071993852986368 25635618816 12884902386 8 67108864 r 6 3
33620064 5341836507673527296 25635618816 12884902386 8 67108864 b 7 3
33620064 5197721319597671424 25635586048 144115200960758258 8 67108864 r 8 4
33620064 5197721319195018240 25635586048 144115200960758258 8 67108864 b 9 4
33620064 5197721319195018240 25501368832 144115200960758258 8 67108864 r 10 5
33620064 5341836507136656384 25501368832 12884902386 8 67108864 b 11 5
33620064 5341836507136656384 25501368832 12901679586 8 67108864 r 12 6
33620064 5341849701276189696 25501368832 12901679586 8 67108864 b 13 6
33620064 730163682848801792 23353885184 4611686031329067490 8 67108864 r 14 7
33620064 225760524583306240 23353885184 4611686031329067490 8 67108864 b 15 7
33620064 216753325328565248 22817014272 4620693230583808482 8 67108864 r 16 8
33620064 153702930545378304 22817014272 4611686031329067490 8 67108864 b 17 8
33620064 153702930545378304 22817014272 4611686031362621794 8 67108864 r 18 9
33620064 153703067983807488 22817014272 4611686031362621794 8 67108864 b 19 9
33620064 153703067983807488 22817014272 4611686031362621554 8 67108864 r 20 10
33620032 153843805472162816 22817014272 4611686031362621554 8 67108864 b 21 10
33620032 153843805472162816 22817014272 4611686031371010160 8 67108864 r 22 11
33620032 1306765310079008768 22817014272 4611686031371010160 8 67108864 b 23 11
33620032 1306765310079008768 22817014272 4611690429417521200 8 67108864 r 24 12
33620032 4765529823899549696 22817014272 4410990133296 8 67108864 b 25 12
33620032 4765529823899549696 22817014272 4475414642736 8 67108864 r 26 13
33619968 4770033423526920192 22817014272 4475414642736 8 67108864 b 27 13
33619968 4770033423526920192 21743272448 18018873924124720 8 67108864 r 28 14
33619968 4769505657945587712 21743272448 18018873924124720 8 67108864 b 29 14
33619968 4769505657945587712 17448305152 -9205353162930651088 8 67108864 r 30 15
65536 4841563251983515648 17448305152 -9205353162930651088 8 67108864 b 31 15
65536 4841563251983515648 17179869698 -9205353162930651088 8 67108864 r 32 16
65536 4841563114544594944 17179869698 -9205353162930651088 8 67108864 b 33 16
65536 4841563114544594944 17179869698 -9205353231650062288 8 67108864 r 34 17
65536 -4381808923383922688 17179869698 18018805204713520 8 67108864 b 35 17
65536 -4381808923383922688 8589935106 18018805204713520 8 67108864 r 36 18
65536 -4381808923384971263 8589935106 18018805204713520 8 67108864 b 37 18
65536 -4381808923384971263 16777730 18018805204713520 8 67108864 r 38 19
65536 -4386312522978787327 16777730 18018805171159088 8 67108864 b 39 19
65536 -4386330115164831743 16777730 18036397357203488 8 67108864 r 40 20
0 -4386312522978787327 16777730 18018805171159072 8 67108864 b 41 20
0 -4386330115164831743 514 18036397357203488 8 67108864 r 42 21
0 -4386330106574897152 514 18036388767268896 8 67108864 b 43 21
0 -4386330106574897152 512 18045184860291104 8 67108864 r 44 22
0 -8998011726955773952 512 18040786813780000 8 67108864 b 45 22
0 -8998011726955773952 1 18040786813780000 8 67108864 r 46 23
0 -9070069252274225152 1 18040786813780000 8 67108864 b 47 23
0 -9070104436646313984 1 18075971177480224 8 67108864 r 48 24
0 -9196205226212687872 1 61572667998240 8 67108864 b 49 24
0 -9196205226212687872 4 61572667998240 8 67108864 r 50 25
0 -9196345826262089728 4 61572667998240 8 67108864 b 51 25
0 -9196345894981566464 0 61641387474976 8 67108864 r 52 26
Blue
33652768 1230750985473229824 33957085248 137438953854 1 134217728 b 5 2
33652768 1230750985473229824 33957085248 206158430526 1 134217728 r 6 3
33652744 1230750985473229824 33957085248 206158430526 1 134217728 b 7 3
33652744 1226247385845859328 33957085184 4503805785801022 1 134217728 r 8 4
33652744 1226247385845862400 33957085184 4503805785801022 1 134217728 b 9 4
33652744 1226247385845862400 33957085184 4503805819355422 1 134217728 r 10 5
33652744 1226247385309253632 33957085184 4503805819355422 1 134217728 b 11 5
33652744 1226106647820898304 33957085184 4644543307710742 1 134217728 r 12 6
33652744 1226106716540112896 33957085184 4644474588234006 1 134217728 b 13 6
33652744 1226106716540112896 33957085184 4644474655342854 1 134217728 r 14 7
4328620040 1154049122502184960 29662117888 4644474655342854 1 134217728 b 15 7
4328620040 1154049122502184960 12482265088 4644474655342854 1 134217728 r 16 8
4328620040 1157426822222712832 12482265088 140875027972358 1 134217728 b 17 8
4328620040 1157426822222712832 12482248704 288371251179684102 1 134217728 r 18 9
4295065608 1157989772176134144 12482248704 288371251179684102 1 134217728 b 19 9
4295065608 1157989772176134144 10334765568 288371251179684102 1 134217728 r 20 10
4295065608 5769674691091894272 10334765568 288371251179684102 1 134217728 b 21 10
4295065608 5769674691091894272 10334765568 288371251448119302 1 134217728 r 22 11
4295000072 5778681890346635264 10334765568 288371251448119302 1 134217728 b 23 11
4295000072 5778681890346635264 10334765568 288652726156394502 1 134217728 r 24 12
4295000072 5769674691159003136 10334765568 288652726089285638 1 134217728 b 25 12
4295000072 5769674691159003136 1744833024 288652726089285638 1 134217728 r 26 13
32780 5769674691159003136 1744833024 288652726089285638 1 134217728 b 27 13
32780 5769674691159003136 1744833024 288652726106062850 1 134217728 r 28 14
32780 5769674691174731776 1744833024 288652726089285634 1 134217728 b 29 14
32772 5769674691174731776 1744833032 288652588650332162 1 134217728 r 30 15
4 5913789879250587648 1744833032 288652588650332162 1 134217728 b 31 15
4 5913789879250587648 1610615432 288652588650332162 1 134217728 r 32 16
4 5914071354160189440 1610615432 288371113673621506 1 134217728 b 33 16
4 5914071354160189440 1610615432 288406298012155906 1 134217728 r 34 17
4 5945596551551782912 1610615432 288406298012155906 1 134217728 b 35 17
4 5945596551551782912 1610619016 288406298012155906 1 134217728 r 36 18
4 5945666920279183360 1610619016 288406298012155906 1 134217728 b 37 18
4 5945666920279183360 1610619016 360323154561728514 1 134217728 r 38 19
4 4794997215486021632 1610619016 360323154561728514 1 134217728 b 39 19
4 4794997146766544896 1610619016 72092847129493506 1 134217728 r 40 20
4 4794469381185212416 1610619016 72057662757404674 1 134217728 b 41 20
4 4794469381185212416 1610619018 68719476738 1 134217728 r 42 21
4 4794469385480175616 1610619018 68719476738 1 134217728 b 43 21
4 4794469385480175616 1610619018 68719477760 1 134217728 r 44 22
4 4810231984175972352 1610619018 68719477760 1 134217728 b 45 22
4 4810231984175972352 1074272394 68719477760 1 134217728 r 46 23
4 4810231984175579136 1074272394 68719477760 1 134217728 b 47 23
4 4810231984175579136 1074534410 68719477760 1 134217728 r 48 24
516 198545965748191232 1074534410 68719477760 1 134217728 b 49 24
516 198545965748191232 1075320842 68719477760 1 134217728 r 50 25
1049092 180531567238709248 1074272266 68719477760 1 134217728 b 51 25
1049092 180496382866620416 1074272258 35253091566592 1 134217728 r 52 26
1049092 180250092261998592 1074272258 68719477760 1 134217728 b 53 26
1049092 180250092261998592 1074272258 8589935616 1 134217728 r 54 27
Red
33587488 6342758780372516864 34225520640 41943516 2 17179869184 b 5 2
33587488 1731072761945128960 32078036992 4611686018469331420 2 17179869184 r 6 3
33587488 6342757680860889088 32078036992 41943516 2 17179869184 b 7 3
33587488 6342757680860889088 32078036992 58720668 2 17179869184 r 8 4
33587488 6341631780962435072 32078036992 50332060 2 17179869184 b 9 4
33587232 6341631780962435072 31004295424 50332060 2 17179869184 r 10 5
33587232 6341636179007897600 31004295424 50332060 2 17179869184 b 11 5
33587232 6341636179007897600 30467426560 50332060 2 17179869184 r 12 6
33587232 6341636186524090368 30467426560 50332060 2 17179869184 b 13 6
33587232 6341631788477579264 30467424512 4398096843164 2 17179869184 r 14 7
33587232 6053401412325867520 30467424512 4398096843164 2 17179869184 b 15 7
33587232 6053401412325867520 30467424512 145135585198484 2 17179869184 r 16 8
33587232 6053401411822551040 30467424512 145135551644052 2 17179869184 b 17 8
33587232 6053401411788996608 30467424512 145135585198356 2 17179869184 r 18 9
33587232 6053401549227425792 30467424512 145135585198356 2 17179869184 b 19 9
33587232 6053401549227425792 26172473600 145135585198356 2 17179869184 r 20 10
33587232 1441733122986082304 26172473600 145135585198356 2 17179869184 b 21 10
33587232 1153502746834370560 8992604416 288375511736910100 2 17179869184 r 22 11
33587232 1189531406414381056 8992604416 288375511736910100 2 17179869184 b 23 11
33587232 1189531406414381056 8992604416 288375511736942852 2 17179869184 r 24 12
33587232 1189513814245113856 8992604416 288375511720165636 2 17179869184 b 25 12
33587232 1153485017226149888 8992604416 324404308705575172 2 17179869184 r 26 13
33587232 1189513805655179264 8992604416 288375511686611204 2 17179869184 b 27 13
33587232 1189513805655179264 8858387200 288375511686611204 2 17179869184 r 28 14
33587232 1189513256167800832 8858387200 288375511686611204 2 17179869184 b 29 14
33587232 1189513256167800832 8858387200 288406298012188932 2 17179869184 r 30 15
33587232 1333628444226879488 8858387200 288406298012188932 2 17179869184 b 31 15
33587232 1333628444226879488 8858387200 288406332371927296 2 17179869184 r 32 16
33587232 1585830023359627264 8858387200 175956220215552 2 17179869184 b 33 16
33587232 1585830023359627264 8858387200 175956220215424 2 17179869184 r 34 17
33587232 1441996310260482048 8858387200 175956220215424 2 17179869184 b 35 17
33554464 1441996310260482048 268485376 175956220215424 2 17179869184 r 36 18
33554464 1441996859747860480 268485376 175956220215424 2 17179869184 b 37 18
33554464 1441996859747860480 268454656 175956220215424 2 17179869184 r 38 19
33554464 1441996889812631552 268454656 175921860477056 2 17179869184 b 39 19
33554464 1441715414835920896 268452608 457396837187712 2 17179869184 r 40 20
33587232 1441714865080107008 268452608 457396837187712 2 17179869184 b 41 20
33587232 1441714865080107008 18176 457396837187712 2 17179869184 r 42 21
33587232 1441714865071718408 18176 457396837187712 2 17179869184 b 43 21
33587232 1441714865071718408 18176 457396837171328 2 17179869184 r 44 22
33587232 1585830018787835912 18176 457396837171328 2 17179869184 b 45 22
33587232 1585830018787835912 17152 72514990875099264 2 17179869184 r 46 23
33587232 5044594532608376840 17152 72514990875099264 2 17179869184 b 47 23
33587232 5044594532608376840 17152 72515128314052608 2 17179869184 r 48 24
33587233 432908514180988936 17152 72515128314052608 2 17179869184 b 49 24
33587233 432908514180988936 16640 81522327568793600 2 17179869184 r 50 25
33587236 432908514180988936 16640 81522327568793600 2 17179869184 b 51 25
33587236 432908514180988936 16384 99536726078275584 2 17179869184 r 52 26
33587248 432908514180988936 16384 99536726078275584 2 17179869184 b 53 26
33587248 432908514180988936 16384 81522396288270336 2 17179869184 r 54 27
33587248 432908514180988944 16384 81522396288270336 2 17179869184 b 55 27
Blue
33587488 6342758780372516864 34225520640 41943516 1 134217728 b 5 2
33587488 1731072761945128960 32078036992 4611686018469331420 1 134217728 r 6 3
33587488 6342757680860889088 32078036992 41943516 1 134217728 b 7 3
33587488 6342757680860889088 32078036992 58720668 1 134217728 r 8 4
33587488 6341631780962435072 32078036992 50332060 1 134217728 b 9 4
33587488 6341631780962435072 31541168128 50332060 1 134217728 r 10 5
33587488 5188714674402099200 31541168128 50332060 1 134217728 b 11 5
33587488 5188714674393710592 31541168128 58720660 1 134217728 r 12 6
33589280 5188714674393710592 31541166080 58720660 1 134217728 b 13 6
33589280 5188714674393710592 30467428352 58720660 1 134217728 r 14 7
33589280 5189840573226811392 30467428352 58720660 1 134217728 b 15 7
33589280 5189840573226811392 13287559170 58720660 1 134217728 r 16 8
33589282 578154554799423488 13287559168 58720660 1 134217728 b 17 8
33589282 578154554262552576 13287559168 595591444 1 134217728 r 18 9
33589282 577028654364098560 13287559168 587202836 1 134217728 b 19 9
33589280 577028654364098560 13019123714 587202836 1 134217728 r 20 10
33589280 577024256334364672 13019123714 570425620 1 134217728 b 21 10
33589280 577024256334364672 13019123714 140737521910036 1 134217728 r 22 11
33589282 577024252039397376 13019123712 140737521910036 1 134217728 b 23 11
33589280 577024252039397376 13019123714 33554708 1 134217728 r 24 12
33589280 721139440098476032 13019123714 33554708 1 134217728 b 25 12
33589280 721139440098476032 13019123714 34393293072 1 134217728 r 26 13
33587232 721420915075186688 13019123714 34393293072 1 134217728 b 27 13
33587232 721420915075186688 4429197314 34393293072 1 134217728 r 28 14
33587232 721421052513615872 4429197314 34393293072 1 134217728 b 29 14
33587232 144960300210192384 4429189122 576460786696716560 1 134217728 r 30 15
33587232 577305864437760000 4429189122 34393293072 1 134217728 b 31 15
33587232 577305864437760000 134238210 34393293072 1 134217728 r 32 16
33587232 649363458467299328 134238210 34393293072 1 134217728 b 33 16
33587232 649081983490588672 134221826 281509370003728 1 134217728 r 34 17
33587232 649081985637023744 134221826 281509370003728 1 134217728 b 35 17
33587232 649081985637023744 134221826 281526516318480 1 134217728 r 36 18
33587232 865254767750807552 134221826 281526516318480 1 134217728 b 37 18
33587232 865254767750807552 4610 281526516318480 1 134217728 r 38 19
33587232 865259163649835008 4610 281526516318480 1 134217728 b 39 19
33587232 865259163649835008 4608 290322609340688 1 134217728 r 40 20
33587232 865399763699236864 4608 290322609340688 1 134217728 b 41 20
33587232 865399763699236864 4608 290322676449296 1 134217728 r 42 21
33587232 865395374242660352 4608 290322676449296 1 134217728 b 43 21
33587232 865395374242660352 4608 290322693226496 1 134217728 r 44 22
33587232 865394858846584832 4608 290288333488128 1 134217728 b 45 22
33587232 865394858846584832 4608 8813356810240 1 134217728 r 46 23
33587232 865395099364753408 4608 8813356810240 1 134217728 b 47 23
33587232 865395099364753408 512 18023211866292224 1 134217728 r 48 24
32800 865395649120567296 512 18023211866292224 1 134217728 b 49 24
Blue
33652832 5189841673811132416 34225520640 8598323670 8 67108864 b 5 2
33652832 578155655383744512 32078036992 4611686027025711574 8 67108864 r 6 3
33652832 5189840574299504640 32078036992 8598323670 8 67108864 b 7 3
33652832 5189840574299504640 32078036992 42958061782 8 67108864 r 8 4
33652832 5188714674401050624 32078036992 42949673174 8 67108864 b 9 4
33652832 5188714674401050624 32078036992 42966450374 8 67108864 r 10 5
33652832 6341636177934155776 32078036992 42966450374 8 67108864 b 11 5
33652832 1729950159506767872 32078036992 4611686027034099910 8 67108864 r 12 6
33587296 6341636177934155776 32078036992 8606712006 8 67108864 b 13 6
33587296 6341636177934155776 31541166080 -9223372028248063802 8 67108864 r 14 7
33587808 1729950159506767872 31541166080 -9223372028248063802 8 67108864 b 15 7
33587808 1729950159506767872 31272730624 -9218868428620693306 8 67108864 r 16 8
33587808 -8646343381954854912 31272730624 4503608234082502 8 67108864 b 17 8
33587808 577028654899920896 26977763328 -9218868428620693306 8 67108864 r 18 9
33718816 577028654899920896 26977763328 -9218868428620693306 8 67108864 b 19 9
33718816 577028654899920896 26977763328 -9218868428486475706 8 67108864 r 20 10
33718816 577041849039454208 26977763328 -9218868428486475706 8 67108864 b 21 10
33718816 577041849039454208 26977763328 -9200854030111211450 8 67108864 r 22 11
164384 577041849039454720 26977763328 -9200854030111211450 8 67108864 b 23 11
164384 577041849031066112 26977763328 -9200854030102822844 8 67108864 r 24 12
164384 577094625589199360 26977763328 -9200854030102822844 8 67108864 b 25 12
164384 577024256845021696 26977763328 -9200783661358645184 8 67108864 r 26 13
164384 581527852177424896 26977763328 -9205287260986015680 8 67108864 b 27 13
131616 581527852177424896 18387861504 -9205287260986015680 8 67108864 r 28 14
131616 577024253623796224 18387861504 -9205287260986015680 8 67108864 b 29 14
131616 577024253623796224 18387861504 -9205269677389905856 8 67108864 r 30 15
131584 865254629775507968 18387861504 -9205269677389905856 8 67108864 b 31 15
131584 865254629775507968 18387861504 -9205269677121470464 8 67108864 r 32 16
512 3171097638989201920 18387861504 -9205269677121470464 8 67108864 b 33 16
512 2882867262837490176 18387861504 -8917039301238194176 8 67108864 r 34 17
512 -8646347783230979584 18387861504 306332735616581632 8 67108864 b 35 17
512 -8646347783230979584 18387861505 306332735599804416 8 67108864 r 36 18
2048 -8646347783230979584 18387861505 306332735599804416 8 67108864 b 37 18
2048 -8646347783230979584 18387861505 306341531684438016 8 67108864 r 38 19
2048 -8646347780009754112 18387861505 306341531684438016 8 67108864 b 39 19
2048 -8646347780009754112 18387861505 306473473079771136 8 67108864 r 40 20
3072 577024256845021696 18387861505 306473473079771136 8 67108864 b 41 20
3072 577024256845021696 1207992323 306473473079771136 8 67108864 r 42 21
10240 577024256845021696 1207992323 306473473079771136 8 67108864 b 43 21
10240 577024256845021696 1207959555 450588661155627008 8 67108864 r 44 22
2048 613053053863985664 1207959555 450588661155627008 8 67108864 b 45 22
2048 613053053863985664 1207959558 450588661155627008 8 67108864 r 46 23
1 613053053863985664 1207959558 450588661155627008 8 67108864 b 47 23
1 613053053863985664 1610612742 450588661155627008 8 67108864 r 48 24
1 612490378788471296 1610612742 450588661155627008 8 67108864 b 49 24
1 612490378788471296 3221225478 450588661155627008 8 67108864 r 50 25
1 612490104044782080 3221225478 450588661155627008 8 67108864 b 51 25
Blue
33652768 1230750985473229824 33957085248 137438953854 0 70385924046848 b 5 2
33652768 1230750985473229824 33957085248 206158430526 0 70385924046848 r 6 3
33652744 1230750985473229824 33957085248 206158430526 0 70385924046848 b 7 3
33652744 1226247385845859328 33957085184 4503805785801022 0 70385924046848 r 8 4
33652744 5837932304761619456 33957085184 4503805785801022 0 70385924046848 b 9 4
33652744 5837932304761619456 16777220096 4503805785801022 0 70385924046848 r 10 5
33587208 5846939504016360448 16777220096 4503805785801022 0 70385924046848 b 11 5
33587200 5846939504016360448 15703478280 4503805785801022 0 70385924046848 r 12 6
33587200 5846939508311326720 15703478280 4503805785801022 0 70385924046848 b 13 6
33587200 5846939508311326720 15703478280 4538990157889852 0 70385924046848 r 14 7
33587200 5845813608412872704 15703478280 4538990157889852 0 70385924046848 b 15 7
33587200 5836806409158131712 15166607368 13546189412630844 0 70385924046848 r 16 8
33587200 5845813608411824128 15166607368 4538990157889852 0 70385924046848 b 17 8
33587200 5845813608411824128 15166607368 4539024517627964 0 70385924046848 r 18 9
33587202 1234127589984436224 15166607368 4539024517627964 0 70385924046848 b 19 9
33587202 1234127585689468928 15166607368 4539028812595256 0 70385924046848 r 20 10
33587202 -9142165955772153856 15166607368 4539028812595256 0 70385924046848 b 21 10
33587202 -9142165955772153856 15032389641 4539028812595256 0 70385924046848 r 22 11
33587202 -9151173120667156480 15032389641 4538994452856888 0 70385924046848 b 23 11
33587202 -9223230714705084416 10737422345 76596588490784824 0 70385924046848 r 24 12
33587202 -9223336267821350912 10737422345 76561404118695992 0 70385924046848 b 25 12
33587200 -9223336267821350912 10737422347 76561399823728696 0 70385924046848 r 26 13
33587200 35837752901632 10737422347 76561331104251960 0 70385924046848 b 27 13
33587200 653380812800 8589938699 76596515476340792 0 70385924046848 r 28 14
33587200 72058246881869824 8589938699 4538921438412856 0 70385924046848 b 29 14
33587200 72058246873481216 8589938699 4538921446801432 0 70385924046848 r 30 15
32768 72621196826902528 8589938699 4538921446801432 0 70385924046848 b 31 15
32768 72621196826902528 8589938699 -9218868299780063208 0 70385924046848 r 32 16
32768 360851504259137536 8589938699 -9218868299780063208 0 70385924046848 b 33 16
32768 288793910221209600 8589938699 -9146810705750523880 0 70385924046848 r 34 17
32768 865254662524108800 8589938699 -9146810705750523880 0 70385924046848 b 35 17
32768 865254662524108800 8589938699 -9146810705716969456 0 70385924046848 r 36 18
32770 865254628164370432 8589938697 -9146810705716969456 0 70385924046848 b 37 18
32770 865254628164370432 8589938697 -9110782046136958960 0 70385924046848 r 38 19
18 865254628164370432 8589938697 -9110782046136958960 0 70385924046848 b 39 19
18 865254628164370432 8589938697 -9110782046136958968 0 70385924046848 r 40 20
16402 577024252012658688 8589938697 -9110782046136958968 0 70385924046848 b 41 20
16402 577024252012658688 6153 -9110782046136958968 0 70385924046848 r 42 21
16400 577033048105680896 6153 -9110782046136958968 0 70385924046848 b 43 21
16400 577033048105680896 6153 -9110641308682158072 0 70385924046848 r 44 22
Blue
33620000 1734458841146852352 25635586048 144115188075856382 1 140737488355328 b 5 2
33620000 1734458703707898880 25635586048 144115325514809726 1 140737488355328 r 6 3
8454176 1734458703707898880 25635586048 144115325514809726 1 140737488355328 b 7 3
65568 1734458703707898880 25643974656 137438953854 1 140737488355328 r 8 4
262176 1734458703707898880 25643974656 137438953854 1 140737488355328 b 9 4
262176 1734458703707898880 25643974656 137441051004 1 140737488355328 r 10 5
262176 1734458706929124352 25643974656 137441051004 1 140737488355328 b 11 5
262176 1734458706929124352 25643974656 2336462209404 1 140737488355328 r 12 6
8650784 1734458702634157056 25635586048 2336462209404 1 140737488355328 b 13 6
8650784 1734458702634157056 25367151616 2336462209404 1 140737488355328 r 14 7
8650784 1733930937052824576 25367151616 2336462209404 1 140737488355328 b 15 7
8650784 1729427337425454080 21072184320 4505936089579900 1 140737488355328 r 16 8
8388640 1733930937052824576 21072184320 2336462209404 1 140737488355328 b 17 8
8388640 1733930937052824576 25232933888 2336462209404 1 140737488355328 r 18 9
8388640 1733931074491253760 25232933888 2199023255932 1 140737488355328 b 19 9
8388640 1729427474863883264 20937966592 4505798650626428 1 140737488355328 r 20 10
8388640 1152966722627568640 20937966592 4505798650626428 1 140737488355328 b 21 10
8388640 1152966722627568640 18790483456 4505798650626428 1 140737488355328 r 22 11
8388640 1152966722634908672 18790483456 4505798650626428 1 140737488355328 b 23 11
8388640 1152957926541886464 18253612544 4514594743648636 1 140737488355328 r 24 12
32 1152966722634908672 18253612544 4505798650626428 1 140737488355328 b 25 12
32 1152966722567799808 18253612544 4505798717735036 1 140737488355328 r 26 13
32 1152966722098037760 18253612544 4505798650626172 1 140737488355328 b 27 13
32 1152966722098037760 1073743362 4505798650626172 1 140737488355328 r 28 14
32 1152966756390667264 1073743362 4505798650626172 1 140737488355328 b 29 14
32 1152966756390667264 1073743360 4616191817078014076 1 140737488355328 r 30 15
32 1152933771041833984 1073743360 4616189618054758524 1 140737488355328 b 31 15
32 1152933771041833984 2098688 4616189618054758524 1 140737488355328 r 32 16
32 1152933775336800256 2098688 4616189618054758524 1 140737488355328 b 33 16
32 1152931576313544704 1536 4616191817078014076 1 140737488355328 r 34 17
32 14469753208832 1536 4616191817078014076 1 140737488355328 b 35 17
32 14469753208832 1536 4616191817078079548 1 140737488355328 r 36 18
32 1139270148423680 1536 4616191817078079548 1 140737488355328 b 37 18
32 1139270148423680 1024 4618443616891764796 1 140737488355328 r 38 19
32 1139149889339392 1024 4618443616891764796 1 140737488355328 b 39 19
32 1139132709470208 1024 4618443634071633964 1 140737488355328 r 40 20
8 1139132709470208 1024 4618443634071633964 1 140737488355328 b 41 20
8 1139132709470208 1024 4618443616891781164 1 140737488355328 r 42 21
8 2305856242016321536 1024 4618443616891781164 1 140737488355328 b 43 21
8 2305856242016321536 524288 4618443616891781164 1 140737488355328 r 44 22
8 2314863406911324160 524288 4618443616891781164 1 140737488355328 b 45 22
8 2314863406911324160 524288 4618443616891813900 1 140737488355328 r 46 23
0 2314898591283412992 524288 4618443616891813900 1 140737488355328 b 47 23
0 2314894193236901888 524288 4618448014938292236 1 140737488355328 r 48 24
0 2314859043224551424 524288 4618448014938292236 1 140737488355328 b 49 24
0 2314859043224551424 524288 4618448015005335564 1 140737488355328 r 50 25
0 2314859017454747648 524288 4618448015005335564 1 140737488355328 b 51 25
0 2314859017454747648 524288 4618448015005337608 1 140737488355328 r 52 26
0 2314859043224551424 524288 4618448015005337608 1 140737488355328 b 53 26
0 2314859043224551424 524288 4618448015005335564 1 140737488355328 r 54 27
Blue
